  2.0000000E-02          47
  4.9999999E-03
           5
  0.646425704670139               12
   1.93909235261194               12
   3.23175900056493               12
   4.41549231718574               11
   5.49029230160080               11
   6.56509228601679               11
   7.63989227043279               11
   8.71469225484692               11
   9.78949223926198               11
   10.8642922236761               11
   11.9390922080921               11
   13.0138921925081               11
   14.0886921769232               11
   15.1634921613373               11
   16.2382921457514               11
   17.3130921301674               11
   18.3878921145834               11
   19.4626920989985               11
   21.0715206470983               10
   23.2143777588839               10
   25.3572348706694               10
   27.5000919824541               10
   29.6429490942387               10
   31.7858062060233               10
   33.9286633178089               10
   36.7000918490514                9
   40.1000917997500                9
   43.5000917504486                9
   46.9000917011471                9
   50.3000916518476                9
   53.7000916025471                9
   57.1000915532457                9
   60.5000915039452                9
   63.9000914546438                9
   67.3000914053433                9
   70.7000913560418                9
   74.1000913067404                9
   77.5000912574409                9
   80.9000912081394                9
   84.3000911588380                9
   87.7000911095375                9
   91.1000910602361                9
   94.5000910109356                9
   97.9000909616342                9
   101.300090912335                9
   104.700090863032                9
   106.400181694242                9
