-73.58920189788813,-34.33904255035195,0 
-73.53409333822317,-34.29024305388747,0 
-73.50161098621409,-34.24064938620352,0
 -73.45589829184274,-34.21152365515339,0
 -73.43897788439583,-34.17778086085534,0
 -73.41220735751364,-34.16086750981596,0
 -73.37861684252331,-34.13316639173536,0
 -73.33714652458667,-34.10310830734382,0
 -73.3016938406135,-34.06182342695011,0
 -73.27059347624827,-34.0266906050439,0
 -73.2723487226416,-33.98138765729072,0
 -73.269109248585,-33.95233323012126,0 
-73.27079562605965,-33.93277281543002,0
 -73.2629452246515,-33.91146005225951,0
 -73.25087365384013,-33.89331664773484,0 
-73.23429526567189,-33.88174571653758,0 
-73.23145118950957,-33.86839220313622,0 
-73.2154030781917,-33.84828953835783,0 
-73.19507519972463,-33.83144317816432,0 
-73.17810300665279,-33.82129840518535,0 
-73.15381990711468,-33.77930000049897,0 
-73.13859600124964,-33.74510065001441,0 
-73.12467216084049,-33.71327226045349,0
 -73.11221709514975,-33.68234421618832,0
 -73.09790938246755,-33.64284956674273,0 
-73.08741255536083,-33.61822911295069,0 
-73.07182155775246,-33.59498554554996,0 
-73.07149180573886,-33.57495352448107,0 
-73.05752410081767,-33.55000135716288,0
 -73.04529720025739,-33.52458539217112,0 
-73.04514338276476,-33.51106231492891,0
 -73.03785892752619,-33.49226471921006,0
 -73.034818443745,-33.4724442894139,0 
-73.03237941173182,-33.45592080074156,0
 -73.02663283145756,-33.43551363432093,0
 -73.02687127304318,-33.41624542463067,0
 -73.01707647193562,-33.40200891262391,0
 -73.00391628872225,-33.38148759733723,0 
-72.99028092959925,-33.36685869383896,0 
-72.98127948924069,-33.34495864313052,0 
-72.98218551239822,-33.32184971271985,0 
-72.97936885673732,-33.29996618312322,0 
-72.9781756736575,-33.2826820380561,0
 -72.96856129572281,-33.26603422187844,0
 -72.95342511652548,-33.24152184222815,0
 -72.94353378984135,-33.2234812557618,0
 -72.92603218623702,-33.19815312793605,0
 -72.90720824485597,-33.17593908649338,0
 -72.88906138041462,-33.15152913645057,0
 -72.88137465956602,-33.13342685435194,0
 -72.86750823860653,-33.11251715143408,0
 -72.85453166831179,-33.08587484280708,0
 -72.84560417057547,-33.06336715461084,0
 -72.83822161204208,-33.04364378322323,0
 -72.82368563594827,-33.01551117597073,0 
-72.81795968606384,-32.99089852467871,0
 -72.80921830944811,-32.97088007334447,0 
-72.804052973887,-32.95225320798041,0 
-72.78200972127756,-32.92383028214321,0
 -72.76334491424268,-32.8921097473683,0 
-72.7500196217744,-32.87234885410569,0
 -72.7374627452662,-32.84676415580919,0 
-72.72610283322932,-32.80436064436323,0
 -72.72968759061527,-32.76787932399622,0 
-72.73000667760019,-32.71975249022801,0
 -72.71801423450826,-32.68162745874338,0
 -72.71575355258401,-32.65529097065347,0
 -72.72615659091707,-32.60902478611765,0
 -72.6955890343029,-32.54354776604969,0 
-72.67534252093623,-32.50960178817198,0
 -72.669584415031,-32.45804483362817,0 
-72.66361562861503,-32.4086442074476,0 
-72.66187553044404,-32.36506328337396,0
-72.67238901035107,-32.32353487061597,0 
-72.6720234380582,-32.27717153305482,0
 -72.66571783935217,-32.24981621528237,0
 -72.66122483005012,-32.21915167747739,0
 -72.6614462951852,-32.19151717719955,0 
-72.66677068873888,-32.14129523929446,0
 -72.6671315546005,-32.10414070519377,0 
-72.6504325778856,-32.04237387352875,0 
-72.63925674203547,-31.97891479614451,0
